1 0
2 1
3 1
4 3
5 3
6 5
7 2
8 2
9 8
10 8
11 8
12 11
13 11
14 7
15 14
16 14
17 16
18 17
19 17
20 15
21 15
22 15
23 22
24 22
25 21
26 21
27 13
28 12
29 10
30 10
31 30
32 29
33 9
34 9
35 34
36 33
37 6
38 6
39 4
40 4
41 4
42 41
43 41
44 40
45 40
46 45
47 46
48 46
49 48
50 49
51 49
52 51
53 51
54 51
55 54
56 54
57 52
58 52
59 58
60 59
61 59
62 60
63 47
64 47
65 47
66 65
67 65
68 64
69 64
70 63
71 63
72 71
73 44
74 73
75 73
76 75
77 74
78 74
79 74
80 79
81 79
82 43
83 42
84 39
85 39
86 85
87 84
88 38
89 38
90 38
91 90
92 90
93 92
94 93
95 93
96 95
97 37
98 36
99 36
100 99
101 99
102 99
103 102
104 102
105 98
106 105
107 105
108 107
109 35
110 35
111 32
112 32
113 112
114 112
115 112
116 115
117 115
118 114
119 114
120 119
121 31
122 31
123 28
124 28
125 124
126 27
127 27
128 127
129 26
130 129
131 129
132 131
133 25
134 133
135 133
136 135
137 24
138 23
139 20
140 20
141 140
142 139
143 19
144 19
145 19
146 145
147 145
148 18
149 148
150 148
151 150
152 147
153 146
154 153
155 153
156 155
157 144
158 144
159 158
160 143
161 143
162 161
163 160
164 142
165 142
166 165
167 165
168 165
169 168
170 168
171 167
172 167
173 172
174 141
175 141
176 138
177 138
178 177
179 137
180 137
181 136
182 136
183 182
184 182
185 182
186 185
187 185
188 184
189 184
190 189
191 134
192 134
193 134
194 193
195 193
196 192
197 192
198 191
199 191
200 199
201 132
202 132
203 202
204 202
205 202
206 130
207 130
208 130
209 208
210 208
211 128
212 128
213 126
214 126
215 126
216 215
217 215
218 125
219 125
220 218
221 220
222 220
223 222
224 123
225 123
226 123
227 226
228 226
229 122
230 122
231 122
232 121
233 120
234 120
235 234
236 234
237 234
238 118
239 238
240 238
241 117
242 241
243 241
244 116
245 113
246 113
247 246
248 245
249 111
250 249
251 249
252 251
253 110
254 110
255 110
256 109
257 108
258 108
259 106
260 106
261 106
262 261
263 261
264 260
265 260
266 264
267 104
268 103
269 268
270 268
271 101
272 101
273 272
274 271
275 100
276 100
277 276
278 97
279 97
280 279
281 96
282 96
283 282
284 282
285 282
286 285
287 285
288 281
289 94
290 94
291 94
292 291
293 291
294 292
295 290
296 290
297 91
298 89
299 89
300 299
301 298
302 88
303 88
304 303
305 87
306 87
307 306
308 306
309 306
310 309
311 309
312 308
313 308
314 313
315 312
316 315
317 315
318 307
319 307
320 319
321 86
322 86
323 83
324 83
325 82
326 82
327 326
328 81
329 80
330 329
331 329
332 78
333 78
334 333
335 334
336 334
337 336
338 332
339 77
340 77
341 340
342 339
343 76
344 76
345 344
346 344
347 344
348 72
349 72
350 70
351 69
352 68
353 352
354 352
355 354
356 67
357 356
358 356
359 66
360 62
361 62
362 61
363 61
364 61
365 364
366 364
367 57
368 56
369 55
370 369
371 369
372 371
373 372
374 372
375 374
376 374
377 374
378 373
379 53
380 53
381 380
382 50
383 382
384 382
385 383
386 383
387 383
388 387
389 387
390 389
391 388
392 391
393 391
394 392
395 392
396 392
397 396
398 396
399 398
400 395
401 395
402 386
403 386
404 381
405 381
406 379
407 378
408 378
409 377
410 377
411 409
412 376
413 376
414 413
415 375
416 375
417 370
418 370
419 370
420 368
421 368
422 421
423 367
424 367
425 424
426 424
427 424
428 366
429 365
430 363
431 363
432 431
433 362
434 362
435 361
436 360
437 360
438 360
439 438
440 438
441 437
442 437
443 359
444 359
445 358
446 357
447 357
448 357
449 448
450 448
451 450
452 447
453 447
454 446
455 446
456 455
457 355
458 355
459 458
460 458
461 458
462 460
463 460
464 463
465 353
466 353
467 353
468 467
469 467
470 465
471 465
472 471
473 351
474 351
475 474
476 350
477 350
478 477
479 477
480 477
481 480
482 480
483 479
484 479
485 484
486 349
487 349
488 349
489 488
490 488
491 487
492 487
493 492
494 348
495 494
496 494
497 347
498 347
499 498
500 499
501 499
502 501
503 497
504 346
505 346
506 505
507 504
508 345
509 345
510 509
511 510
512 510
513 343
514 342
515 342
516 515
517 515
518 515
519 518
520 518
521 517
522 517
523 522
524 514
525 341
526 341
527 338
528 338
529 528
530 527
531 527
532 527
533 532
534 532
535 337
536 337
537 335
538 335
539 335
540 539
541 539
542 538
543 538
544 542
545 331
546 545
547 545
548 546
549 548
550 548
551 550
552 330
553 330
554 330
555 554
556 554
557 328
558 328
559 558
560 327
561 327
562 325
563 325
564 325
565 564
566 564
567 563
568 563
569 568
570 562
571 562
572 571
573 324
574 573
575 573
576 574
577 576
578 576
579 578
580 323
581 323
582 323
583 582
584 582
585 583
586 581
587 581
588 587
589 588
590 588
591 590
592 322
593 322
594 322
595 594
596 594
597 596
598 592
599 592
600 599
601 321
602 320
603 320
604 318
605 317
606 317
607 317
608 607
609 607
610 606
611 606
612 611
613 605
614 605
615 614
616 316
617 616
618 616
619 618
620 314
621 314
622 621
623 621
624 621
625 622
626 622
627 626
628 311
629 628
630 628
631 630
632 631
633 631
634 310
635 305
636 635
637 635
638 637
639 304
640 304
641 302
642 641
643 641
644 642
645 644
646 644
647 646
648 301
649 301
650 649
651 649
652 649
653 652
654 652
655 653
656 651
657 651
658 657
659 656
660 659
661 659
662 300
663 300
664 662
665 297
666 297
667 666
668 665
669 665
670 665
671 670
672 670
673 671
674 673
675 673
676 675
677 676
678 676
679 678
680 678
681 678
682 681
683 681
684 677
685 684
686 684
687 686
688 296
689 295
690 294
691 294
692 293
693 692
694 692
695 289
696 289
697 696
698 288
699 288
700 698
701 698
702 698
703 702
704 702
705 704
706 701
707 701
708 287
709 286
710 284
711 284
712 711
713 283
714 283
715 714
716 715
717 715
718 716
719 280
720 280
721 720
722 720
723 720
724 723
725 723
726 724
727 722
728 722
729 728
730 729
731 729
732 731
733 731
734 731
735 730
736 727
737 278
738 278
739 278
740 739
741 739
742 740
743 738
744 738
745 744
746 745
747 745
748 747
749 748
750 748
751 750
752 750
753 750
754 753
755 753
756 755
757 756
758 756
759 758
760 749
761 277
762 277
763 762
764 762
765 762
766 275
767 766
768 766
769 767
770 769
771 769
772 771
773 274
774 274
775 774
776 774
777 774
778 777
779 777
780 776
781 776
782 781
783 773
784 273
785 273
786 270
787 786
788 786
789 787
790 789
791 789
792 791
793 269
794 269
795 269
796 795
797 795
798 267
799 267
800 799
801 266
802 266
803 802
804 265
805 804
806 804
807 806
808 263
809 262
810 809
811 809
812 259
813 259
814 813
815 258
816 258
817 258
818 817
819 817
820 818
821 257
822 821
823 821
824 822
825 822
826 822
827 826
828 826
829 828
830 825
831 825
832 830
833 832
834 832
835 256
836 256
837 836
838 255
839 255
840 839
841 840
842 840
843 842
844 254
845 254
846 845
847 844
848 253
849 253
850 849
851 850
852 850
853 848
854 252
855 252
856 250
857 250
858 250
859 858
860 858
861 857
862 857
863 862
864 856
865 856
866 865
867 248
868 248
869 868
870 868
871 868
872 871
873 871
874 870
875 870
876 875
877 867
878 247
879 247
880 244
881 244
882 881
883 243
884 883
885 883
886 242
887 242
888 242
889 888
890 888
891 890
892 240
893 240
894 240
895 894
896 894
897 893
898 893
899 898
900 239
901 900
902 900
903 902
904 237
905 237
906 905
907 236
908 236
909 908
910 235
911 235
912 911
913 910
914 233
915 232
916 232
917 916
918 231
919 231
920 919
921 230
922 230
923 922
924 923
925 923
926 921
927 229
928 229
929 928
930 927
931 228
932 227
933 225
934 225
935 934
936 935
937 935
938 937
939 224
940 224
941 940
942 939
943 223
944 223
945 221
946 221
947 221
948 947
949 947
950 946
951 946
952 950
953 219
954 219
955 219
956 955
957 955
958 217
959 216
960 214
961 214
962 961
963 213
964 213
965 964
966 963
967 212
968 212
969 212
970 969
971 969
972 968
973 968
974 973
975 974
976 974
977 976
978 976
979 976
980 979
981 979
982 981
983 982
984 982
985 984
986 211
987 986
988 986
989 988
990 210
991 990
992 990
993 209
994 207
995 207
996 995
997 206
998 206
999 998
1000 997
1001 205
1002 205
1003 1002
1004 204
1005 204
1006 1005
1007 203
1008 203
1009 1008
1010 1007
1011 201
1012 200
1013 200
1014 198
1015 197
1016 1015
1017 1015
1018 1017
1019 196
1020 195
1021 194
1022 1021
1023 1021
1024 190
1025 190
1026 1024
1027 188
1028 187
1029 1028
1030 1028
1031 1030
1032 186
1033 183
1034 183
1035 1034
1036 181
1037 180
1038 179
1039 179
1040 179
1041 1040
1042 1040
1043 1042
1044 1039
1045 1039
1046 178
1047 178
1048 176
1049 176
1050 176
1051 1050
1052 1050
1053 1049
1054 1049
1055 1048
1056 1048
1057 1056
1058 175
1059 175
1060 175
1061 1060
1062 1060
1063 1059
1064 1059
1065 1064
1066 174
1067 173
1068 173
1069 171
1070 170
1071 169
1072 1071
1073 1071
1074 1073
1075 1074
1076 1074
1077 166
1078 166
1079 1078
1080 1077
1081 1080
1082 1080
1083 164
1084 1083
1085 1083
1086 1085
1087 163
1088 163
1089 1088
1090 1088
1091 1088
1092 1091
1093 1091
1094 1093
1095 162
1096 162
1097 1095
1098 159
1099 159
1100 157
1101 156
1102 156
1103 1102
1104 1102
1105 1102
1106 1105
1107 1105
1108 1101
1109 154
1110 154
1111 154
1112 1111
1113 1111
1114 1113
1115 1110
1116 1110
1117 152
1118 152
1119 1118
1120 151
1121 151
1122 1121
1123 1121
1124 1121
1125 1124
1126 1124
1127 1126
1128 149
1129 149
1130 149
1131 1130
1132 1130
1133 1132
1134 1129
1135 1129
1136 1135
1137 1134
1138 1137
1139 1137
1140 1139
1141 1140
1142 1140
1143 1142
1144 1142
1145 1142
1146 1145
1147 1145
1148 1146
1149 1148
1150 1148
1151 1150
1152 1149
1153 1149
1154 1149
1155 1141
1156 1133
1157 1133
1158 1131
1159 1128
1160 1128
1161 1160
1162 1127
1163 1127
1164 1125
1165 1164
1166 1164
1167 1166
1168 1165
1169 1165
1170 1165
1171 1170
1172 1170
1173 1172
1174 1123
1175 1123
1176 1175
1177 1122
1178 1122
1179 1178
1180 1179
1181 1179
1182 1181
1183 1181
1184 1181
1185 1180
1186 1177
1187 1120
1188 1119
1189 1119
1190 1189
1191 1189
1192 1189
1193 1191
1194 1191
1195 1194
1196 1193
1197 1196
1198 1196
1199 1117
1200 1117
1201 1117
1202 1201
1203 1201
1204 1203
1205 1204
1206 1204
1207 1206
1208 1207
1209 1207
1210 1209
1211 1209
1212 1209
1213 1212
1214 1212
1215 1214
1216 1116
1217 1115
1218 1114
1219 1114
1220 1112
1221 1220
1222 1220
1223 1109
1224 1109
1225 1224
1226 1108
1227 1108
1228 1107
1229 1106
1230 1104
1231 1104
1232 1231
1233 1103
1234 1103
1235 1234
1236 1100
1237 1100
1238 1099
1239 1099
1240 1099
1241 1240
1242 1240
1243 1239
1244 1239
1245 1244
1246 1245
1247 1245
1248 1098
1249 1097
1250 1097
1251 1096
1252 1096
1253 1096
1254 1253
1255 1253
1256 1094
1257 1094
1258 1092
1259 1258
1260 1258
1261 1260
1262 1261
1263 1261
1264 1263
1265 1263
1266 1263
1267 1266
1268 1266
1269 1268
1270 1264
1271 1264
1272 1090
1273 1090
1274 1273
1275 1089
1276 1089
1277 1276
1278 1275
1279 1278
1280 1278
1281 1087
1282 1086
1283 1086
1284 1084
1285 1084
1286 1084
1287 1286
1288 1286
1289 1082
1290 1082
1291 1082
1292 1291
1293 1291
1294 1290
1295 1290
1296 1295
1297 1289
1298 1289
1299 1298
1300 1081
1301 1300
1302 1300
1303 1302
1304 1079
1305 1079
1306 1305
1307 1305
1308 1305
1309 1307
1310 1307
1311 1310
1312 1076
1313 1076
1314 1076
1315 1314
1316 1314
1317 1313
1318 1313
1319 1318
1320 1312
1321 1312
1322 1075
1323 1322
1324 1322
1325 1324
1326 1072
1327 1072
1328 1072
1329 1328
1330 1328
1331 1326
1332 1326
1333 1332
1334 1070
1335 1070
1336 1069
1337 1069
1338 1337
1339 1337
1340 1337
1341 1340
1342 1340
1343 1336
1344 1068
1345 1068
1346 1068
1347 1067
1348 1347
1349 1347
1350 1349
1351 1350
1352 1350
1353 1352
1354 1352
1355 1352
1356 1355
1357 1355
1358 1357
1359 1353
1360 1353
1361 1066
1362 1066
1363 1065
1364 1065
1365 1363
1366 1063
1367 1062
1368 1367
1369 1367
1370 1369
1371 1061
1372 1058
1373 1058
1374 1373
1375 1374
1376 1374
1377 1372
1378 1057
1379 1057
1380 1055
1381 1054
1382 1381
1383 1381
1384 1383
1385 1053
1386 1052
1387 1051
1388 1047
1389 1047
1390 1047
1391 1390
1392 1390
1393 1389
1394 1389
1395 1394
1396 1046
1397 1396
1398 1396
1399 1398
1400 1045
1401 1044
1402 1401
1403 1401
1404 1403
1405 1043
1406 1043
1407 1405
1408 1405
1409 1405
1410 1409
1411 1409
1412 1411
1413 1408
1414 1408
1415 1041
1416 1038
1417 1038
1418 1417
1419 1416
1420 1037
1421 1037
1422 1036
1423 1036
1424 1035
1425 1035
1426 1033
1427 1426
1428 1426
1429 1032
1430 1032
1431 1430
1432 1429
1433 1429
1434 1429
1435 1432
1436 1432
1437 1436
1438 1031
1439 1031
1440 1439
1441 1439
1442 1439
1443 1438
1444 1029
1445 1029
1446 1029
1447 1027
1448 1027
1449 1448
1450 1448
1451 1448
1452 1026
1453 1026
1454 1025
1455 1025
1456 1025
1457 1456
1458 1456
1459 1023
1460 1459
1461 1459
1462 1022
1463 1022
1464 1022
1465 1464
1466 1464
1467 1465
1468 1463
1469 1463
1470 1462
1471 1462
1472 1471
1473 1020
1474 1020
1475 1019
1476 1019
1477 1476
1478 1475
1479 1475
1480 1475
1481 1480
1482 1480
1483 1478
1484 1478
1485 1484
1486 1018
1487 1018
1488 1487
1489 1487
1490 1487
1491 1488
1492 1488
1493 1492
1494 1493
1495 1493
1496 1495
1497 1495
1498 1495
1499 1494
1500 1016
1501 1016
1502 1016
1503 1502
1504 1502
1505 1500
1506 1500
1507 1506
1508 1014
1509 1014
1510 1509
1511 1509
1512 1509
1513 1512
1514 1512
1515 1510
1516 1510
1517 1516
1518 1013
1519 1013
1520 1013
1521 1520
1522 1520
1523 1518
1524 1518
1525 1524
1526 1012
1527 1526
1528 1526
1529 1011
1530 1011
1531 1530
1532 1010
1533 1010
1534 1533
1535 1533
1536 1533
1537 1532
1538 1009
1539 1009
1540 1538
1541 1006
1542 1006
1543 1004
1544 1543
1545 1543
1546 1003
1547 1003
1548 1547
1549 1546
1550 1546
1551 1546
1552 1001
1553 1552
1554 1552
1555 1554
1556 1000
1557 1000
1558 1557
1559 1557
1560 1557
1561 1560
1562 1560
1563 1559
1564 1559
1565 1564
1566 1556
1567 999
1568 999
1569 996
1570 996
1571 1570
1572 1569
1573 1569
1574 1569
1575 1574
1576 1574
1577 994
1578 1577
1579 1577
1580 1579
1581 993
1582 993
1583 1582
1584 992
1585 1584
1586 1584
1587 991
1588 991
1589 991
1590 1589
1591 1589
1592 1591
1593 989
1594 989
1595 987
1596 987
1597 987
1598 1597
1599 1597
1600 1596
1601 1596
1602 1601
1603 1595
1604 1595
1605 1604
1606 1605
1607 1605
1608 1607
1609 1607
1610 1607
1611 1610
1612 1610
1613 1612
1614 1613
1615 1613
1616 1615
1617 1608
1618 1608
1619 1618
1620 985
1621 985
1622 983
1623 983
1624 983
1625 980
1626 1625
1627 1625
1628 1627
1629 978
1630 978
1631 1630
1632 977
1633 977
1634 1633
1635 1632
1636 975
1637 972
1638 971
1639 1638
1640 1638
1641 1639
1642 1639
1643 1639
1644 1643
1645 1643
1646 1645
1647 1642
1648 1642
1649 1648
1650 970
1651 967
1652 967
1653 1652
1654 1651
1655 966
1656 966
1657 1656
1658 1656
1659 1656
1660 1659
1661 1659
1662 1658
1663 1658
1664 1663
1665 1664
1666 1664
1667 1662
1668 1655
1669 965
1670 965
1671 962
1672 962
1673 1672
1674 1673
1675 1673
1676 960
1677 1676
1678 1676
1679 1678
1680 959
1681 959
1682 1681
1683 958
1684 958
1685 1684
1686 1683
1687 1683
1688 1683
1689 1688
1690 1688
1691 1690
1692 957
1693 956
1694 1693
1695 1693
1696 1694
1697 1694
1698 1694
1699 1698
1700 1698
1701 1697
1702 1697
1703 1702
1704 1703
1705 1703
1706 1705
1707 1701
1708 954
1709 954
1710 1709
1711 1708
1712 953
1713 953
1714 1713
1715 1714
1716 1714
1717 1716
1718 1716
1719 1716
1720 1719
1721 1719
1722 1721
1723 1722
1724 1722
1725 1724
1726 1720
1727 1726
1728 1726
1729 1728
1730 1729
1731 1729
1732 952
1733 952
1734 1733
1735 1734
1736 1734
1737 1736
1738 1736
1739 1736
1740 1738
1741 1738
1742 1741
1743 951
1744 949
1745 948
1746 1745
1747 1745
1748 1746
1749 1746
1750 1746
1751 1750
1752 1750
1753 1749
1754 1749
1755 1753
1756 1748
1757 1748
1758 1757
1759 945
1760 945
1761 1760
1762 1761
1763 1761
1764 1763
1765 1763
1766 1763
1767 1766
1768 1766
1769 1767
1770 1769
1771 1769
1772 1771
1773 1772
1774 1772
1775 1774
1776 1774
1777 1774
1778 1776
1779 1776
